0 0.07736106263533928 0.07429172268940343 -0.3756303693331551 
1 -0.12907541236108735 0.0392619964891876 -0.17021759406880838 
2 -0.09586307001765507 0.4321210883474966 0.35418196833410814 
3 0.04964976423055265 0.022837948900674705 -0.10870703754525349 
4 -0.020026119481948566 -0.29076111764044404 -0.10407604603984025 
5 -0.13846247603989695 -0.8094425006660244 -0.09930138256468314 
6 -0.02341043516170929 0.47246882914236893 0.09114326603475091 
7 -0.15820586457215002 0.56513719454265 0.5589540932967081 
8 0.5235146446148048 -0.005429350156667659 -0.09974605084377318 
9 -0.08295573374104696 -0.567585682182991 -0.10272855150043327 
10 0.3144347619086045 0.0057825878730587334 -0.10089128797494488 
11 -0.18312151291576825 -1.0 -0.09230774498537406 
12 0.09501455705085274 0.11506778101795552 -0.5843001858495108 
13 -0.021720352698292207 0.27752152493689225 0.11299889143662127 
14 -0.20713381345059992 0.6687279767064397 0.7206280316035883 
