0 0.37527183383001983 0.6848498803132484 0.1878762583204276 
1 -0.29425519646369086 -0.9999999999999999 0.08852387384665723 
2 -0.27413100854734707 -0.7884443989230977 -0.06307621757695588 
3 -0.568511280256699 -0.47751390484322565 -0.2572478956708231 
4 -0.0776947991003515 -0.15848436531031107 -0.21944709638866997 
5 0.23939077829562805 0.5049461090897412 -0.06834168679483489 
6 0.4868975874345007 0.8099266131258284 0.4511597861182028 
7 -0.3138395529033251 -0.6216415694166575 -0.4898290005105341 
8 0.6433347311664883 0.9206810731309097 0.923436083009741 
9 -0.8123783164444397 -0.43388193891958204 -0.24882961268263887 
10 0.270018636615297 0.6865121660791147 -0.23619425482795436 
11 -0.07240267271188633 -0.663919093116313 -0.35668310337936376 
12 -0.2546991364459714 -0.5140391962131783 -0.25722874456795336 
13 0.08482360505944157 0.18293050593555 -0.16353593032527652 
14 0.5681747904723358 0.8680781190679728 0.7094175414299764 
