0 0.06501341513360118 0.12902666607200697 0.2000152594617514 
1 0.5063696395868736 -0.372638800303536 0.21608643458822396 
2 -0.23378764567819055 0.29358460212207904 -0.04579480111424505 
3 -0.2330593042417606 -0.8893935585212246 -0.2000484804934119 
4 -0.6645913435672255 0.12984036817920924 -0.31231775836846165 
5 0.16931769734375282 -0.16999948521406927 0.30277097873419345 
6 -0.3138742716581291 -0.9319556374515852 -0.18032972738243874 
7 0.23506671440492466 -0.2920779029748586 0.15323126718383137 
8 0.27438085136573437 -0.4268139230788664 -0.5996188903281593 
9 0.14579764902643258 -0.2136234324856861 -0.4828234565746302 
10 -0.24412647840036059 0.20424454498856084 -0.3128502786678298 
11 -0.003141763190399769 0.3722295143244137 0.15346872947208873 
12 -0.6795425727002938 0.0790495620578926 -0.18060817250892972 
13 0.048330941780005084 -0.2211794211633884 0.35430718921867466 
14 0.5946389187411578 -0.2368805499128796 0.23748603120423614 
15 -0.4108236654933989 0.14602331942065203 -0.24273029719858694 
16 -0.05741627460893425 0.696812526621523 0.12089398431591375 
17 -0.08909411579298131 0.5933905415441172 0.07937762535282261 
18 -0.10513891432885505 0.3668929090525632 0.15145083728348757 
19 -0.014434909949833196 -0.311331515734592 0.45290709702984094 
20 -0.04771720266346948 0.6812787557425964 0.025627082137946147 
21 -0.05744116908746861 -0.37769553523953736 0.5322204220999655 
22 0.43363715940469694 -0.2962060570034539 0.1970091788948996 
23 0.7275322004415634 -0.15943135832348598 0.27377680571627877 
24 -0.034314311715938225 -0.7705446728220019 -0.27202222667777737 
25 0.1584254019598963 -0.08375734258649883 0.33308709003632997 
26 0.12657609138647777 -0.11464225252194761 0.24166911726107132 
27 -0.030332302549760378 -0.7148456072148043 -0.1808436105360666 
28 -0.575240206620121 0.1202641626115052 -0.24643640093523328 
29 0.15367503844885766 -0.45043526395013006 0.0325323368800687 
30 -0.2720864654156824 0.8191355585556496 -0.06579286759001933 
31 -0.27218692178048653 0.4091730538599666 0.0411417879284835 
32 0.9163270899894335 0.01616078786603667 0.33996573802891233 
33 -0.27633722713542735 0.8414158290685295 0.02180315173046819 
34 0.24750210462579966 -0.3403300040859723 -0.5380512655303478 
35 -0.24387699821662354 0.3628814150400964 0.21161455920121577 
36 -0.7477584972548265 0.04312774397344035 -0.11365265822357142 
37 1.0 0.06494305316154109 0.3718490727576019 
38 0.8333121424925857 -0.07079668128096221 0.3080848962349066 
39 -0.13224452946304197 -0.8212828241138781 -0.1974892248831191 
40 -0.09537556246894113 0.04490328320390455 -0.3217284778287632 
41 -0.34439857433204246 0.7652746275587766 -0.022628918204268315 
42 -0.2947781406401666 0.49530936932735964 0.1267151035017787 
43 -0.23288632042426846 0.16955668686795577 -0.21717428791512722 
44 0.030987020913332924 -0.08349823982312925 -0.41113859602718794 
45 0.33729233185781393 -0.40435270135799656 -0.5579926917682638 
46 0.07603956049323335 0.4289798419650429 0.19954376709849556 
47 -0.20482469916287074 0.33686607911205624 0.1014577354989852 
48 0.06296137860583906 -0.5876062016508461 -0.0841193924049907 
49 -0.23235295946051404 0.7309541665178536 0.006099202308960732 
